1
1
1
1
1
1
1
1
1
1
1
1
1
1
1
1
1
1
1
1
1
1
1
1
1
1
1
0,9999999999999998
0,9999999999999998
0,9999999999999998
0,9999999999999998
1
0,9999999999999999
1
1
0,9999999999999999
1
1
1
1
1
1
1
1
1
1
1
1
1
1
0,9999999999999998
0,9999999999999998
0,9999999999999982
0,9999999999998705
0,9999999999944003
0,9999999998455404
0,9999999971642297
0,9999999650686328
0,9999996983354658
0,9999980546248713
0,9999903129327976
0,9999617976812751
0,9998746724442487
0,9996455382885261
0,9991197605883317
0,9980435174186987
0,9960594201635867
0,9927503432720106
0,9875999950954245
0,980171248943947
0,970121655642
0,9572091424886487
0,9412749849032893
0,9223630354685114
0,9005766403574201
0,8766709348013711
0,8519100320711324
0,8274672788652719
0,8042361828523507
0,7828265836241516
0,7635056968982501
0,7463070169265413
0,7310828081750053
0,7176136325947956
0,7056773138979707
0,6950869024163482
0,6857429505676597
0,6775956473792323
0,670623995244833
0,6648146793261949
0,6601412548951554
0,6565621694558055
0,6540140728371304
0,6524450682263927
0,6518390267507904
0,6522152604464321
0,6536123636407825
0,6560282280553051
0,6594744070853137
0,6639617874967647
