1
1
1
1
1
1
0,9999999999999999
0,9999999999999998
0,9999999999999999
1
1
1
1
1
1
1
1
1
1
1
1
1
1
1
1
0,9999999999999997
0,9999999999999999
0,9999999999999997
0,9999999999999998
1
0,9999999999999999
0,9999999999999999
1
1
1
0,9999999999999999
1
1
1
1
1
1
1
1
1
1
1
0,9999999999999999
0,9999999999999998
1
1
1
0,9999999999999998
0,9999999999999721
0,9999999999977756
0,9999999998954434
0,9999999968800513
0,9999999383866824
0,9999991673221205
0,9999920410823283
0,9999437865246301
0,9996979504677855
0,9987208072077427
0,9956065957718484
0,9875069106876406
0,9700089829558135
0,9382302467413259
0,8891173220683805
0,8237223891369199
0,7476538666359002
0,6684324453564247
0,5936913117002592
0,5282746299359992
0,4746039570585519
0,43218286822141716
0,40009714575676797
0,37715559981508096
0,36095876325925896
0,34991571760361934
0,3458337958663902
0,3456069986192303
0,3488579270740138
0,3552456975792874
0,3649853811115739
0,38042193485551423
0,39821548680940333
0,418424119121508
0,440590143997927
0,4643640946828297
0,4893738723804256
0,5153731684563237
0,5418284938410677
0,5681986975549526
0,5941147127424626
0,6193041501082428
0,6436410229534836
0,6669945985231387
0,6892371363618529
0,7102773107641306
0,7300388036136435
