1
1
1
1
1
1
1
1
1
1
1
1
1
1
1
0,9999750920859589
0,9997896954188393
0,9990117557905538
0,998025739165985
0,9992012074121177
0,999585568416337
0,9997254852010937
0,9997579658231671
0,9998423287331628
0,9998826400158187
0,9999015796317121
0,9998059501969245
0,9993966116545525
0,9996567314856082
0,9992618612203988
0,9995130555046464
0,9996308378083579
0,9998123114579378
0,9999614300742335
0,9999647834250533
0,9999663610340708
0,9998980929771756
0,9999152033906535
0,9999305770499556
0,9999123152736961
0,9999624737178168
0,9999454893651394
0,9999973688981296
0,9999936137997261
0,9999987968757578
0,9999923353769108
0,9999972282018735
0,9999845889582379
0,9999967531548306
0,9999895953734155
0,9999989415501429
0,9999961634157105
0,9999997854344789
0,9999977982823457
0,9999999013911932
0,9999929834322367
0,9999998070328612
0,9999964414847589
0,9999998772189123
0,9999986478206904
0,9999999657344338
0,9999993540979322
0,9999999792943389
0,999999582970508
0,9999999824681067
0,9999998014452977
0,9999999840569023
0,9999997239522513
0,9999999932873721
0,999999653806582
0,9999999976538773
0,9999999407096728
0,9999999981604594
0,9999995952115719
0,9999999987341965
0,999999329725667
0,9999999990611175
0,9999999735894491
0,9999999995227571
0,9999999892556236
0,9999999997508058
0,9999999907190137
0,9999999998225113
0,9999998530973477
0,9999999996333535
0,9999999947915525
0,9999999996943321
0,9999990767385791
0,9999999994563336
0,9999992194288688
0,9999999998566315
0,9999998351343229
0,9999999999883555
0,9999999668264806
0,9999999999950401
0,9999999996029052
0,9999999999963296
0,9999999996793963
0,9999999999923467
0,9999999997755922
0,999999999996638
0,9999999998237737
0,9999999999996951
0,9999999999697131
0,9999999999999217
0,9999999999952149
0,9999999999998335
0,999999999990431
0,9999999999975044
0,999999999979587
0,9999999999986653
0,9999999999881115
0,9999999999999952
0,9999999999987371
1
0,9999999999999962
1
0,9999999999999883
0,9999999999999789
0,9999999999996044
0,9999999999999815
0,9999999999999399
1
1
1
0,9999999999999998
0,9999999999999998
0,9999999999999036
0,9999999999999993
0,999999999999977
1
1
1
1
1
0,9999999999999623
1
0,9999999999999628
1
0,9999999999999976
1
1
1
0,9999999999999974
1
0,9999999999999691
1
0,999999999999998
1
1
1
1
0,9999999999999999
0,9999999999999994
1
0,9999999999999989
1,0000000000000002
1
0,9999999999999999
1
1
1
1
0,9999999999999998
1
1
1
1
1
1
1
0,9999999999999998
1
0,9999999999999997
1
1
1
0,9999999999999999
1
1
1
0,9999999999999998
1
0,9999999999999999
1
1
1
1
1
1
1
0,9999999999999998
1
1
1
1
1
1
1
1
1
1
1
1
1
0,9999999999999999
1
0,9999999999999999
0,9999999999999998
1
1
1
0,9999999999999999
1
1
1
1
1
1
0,9999999999999998
1
1
1
1
1
1
1
1
1
1
1
1
1
0,9999999999999999
0,9999999999999998
0,9999999999999999
1
1
1
0,9999999999999998
1
0,9999999999999999
0,9999999999999999
1
0,9999999999999999
0,9999999999999999
0,9999999999999998
1
1
0,9999999999999998
1
1
1
1
1
1
1
0,9999999999999999
0,9999999999999999
0,9999999999999999
0,9999999999999998
1
0,9999999999999999
1
0,9999999999999998
1
0,9999999999999293
0,9999999999999998
1
0,9999999999999999
1
1
0,9999999999999998
1
0,9999999999999998
1
0,9999999999999998
1
1
0,9999999999999999
1
0,9999999999999999
0,9999999999999999
0,9999999999999999
1
1
0,9999999999999998
1
1
1
1
1
1
0,9999999999999999
1
1
0,9999999999999998
1
1
0,9999999999999999
1
1
0,9999999999999999
1
1
1
1
1
1
1
0,9999999999999998
1
1
1
1
1
1
1
0,9999999999999999
1
1
1
1
1
1
1
0,9999999999999998
1
1
1
1
1
1
1
0,9999999999997543
0,9999999999999999
0,9999999999996413
1
0,9999999999995037
1
1
1
0,999999999999838
1
0,9999999999999998
0,9999999999999998
1
1
1
1
1
1
0,999999999999766
1
0,999999999999419
1
1
0,9999999999999998
1
0,9999999999999998
0,9999999999998602
0,9999999999999999
0,9999999999992907
0,9999999999999999
0,9999999999999999
1
0,9999999999999998
1
1
0,9999999999999999
0,9999999999999998
1
0,9999999999999523
1
0,9999999999999999
1
0,9999999999999999
1
0,9999999999999999
1
1
1
0,9999999999999999
0,9999999999999999
1
1
1
1
0,9999999999999999
1
0,9999999999999999
1
1
0,9999999999999999
1
1
0,9999999999999999
1
0,9999999999999999
1
0,9999999999999998
0,9999999999999999
1
1
1
1
1
1
0,9999999999999999
0,9999999999999999
1
1
1
1
1
1
1
0,9999999999999999
1
1
1
1
0,9999999999999998
1
0,9999999999999999
1
1
1
1
1
1
1
1
1
1
1
1
0,9999999999999999
1
0,9999999999999999
1
1
1
1
0,9999999999999998
1
1
1
1
0,9999999999999998
1
1
1
0,9999999999999999
1
1
0,9999999999999999
1
1
1
1
1
1
1
0,9999999999999998
1
1
1
1
1
0,9999999999999999
0,9999999999999998
1
1
1
1
0,9999999999999376
1
0,999999999999986
1
1
0,9999999999999999
1
0,9999999999999999
0,9999999999999998
1
1
1
1
1
1
1
1
0,9999999999999999
1
0,9999999999999999
1
1
0,9999999999996658
1
1
1
1
1
1
1
1
1
0,9999999999999956
0,9999999999999998
1
1
1
1
0,9999999999999999
1
1
1
0,9999999999998728
1
0,9999999999998447
1
1
1
0,9999999999999998
0,9999999999999999
1
1
0,999999999999861
1
0,9999999999993373
1
0,9999999999995788
1
1
1
0,9999999999999999
1
1
1
0,9999999999999999
0,9999999999989082
1
1
1
1
1
1
0,9999999999999998
1
1
1
1
0,9999999999999998
1
1
1
0,9999999999999999
1
1
1
1
1
1
1
1
1
1
1
0,9999999999999999
0,9999999999999998
0,999999999999999
0,9999999999999999
1
1
1
1
1
1
1
1
0,9999999999999932
1
1
1
1
1
1
1
0,9999999999977398
1
1
1
1
0,9999999999999999
1
1
0,9999999999994105
1
0,9999999999953235
1
1
0,9999999999999998
1
1
1
1
1
1
1
1
1
1
1
1
0,9999999999999999
0,9999999999999999
0,9999999999999998
1
1
1
1
1
1
1
1
1
0,9999999999999999
1
1
0,9999999999999999
1
0,9999999999999999
1
1
1
1
0,9999999999999999
1
0,9999999999999999
1
1
0,9999999999999999
1
1
1
1
1
1
0,9999999999999998
0,9999999999999999
1
1
1
1
0,9999999999999999
1
1
1
0,9999999999999999
0,9999999999999999
0,9999999999999999
1
0,9999999999999999
1
0,9999999999999999
1
1
1
1
1
0,9999999999999999
1
1
1
0,9999999999999999
1
1
1
1
1
1
1
1
0,9999999999999998
1
1
1
1
1
1
0,9999999999999999
1
1
1
1
0,9999999999999999
0,9999999999999998
1
1
1
1
1
1
1
1
1
1
1
1
1
1
1
1
0,9999999999999998
1
0,9999999999999998
1
0,9999999999999752
1
1
0,9999999999999999
0,9999999999999998
0,9999999999999999
0,9999999999999998
1
1
1
1
1
1
1
1
1
1
1
1
1
1
0,9999999999999999
0,9999999999999998
0,9999999999999999
1
1
0,9999999999999999
1
1
1
0,9999999999999998
1
1
1
1
1
1
1
1
1
1
1
1
1
1
1
1
1
1
1
0,9999999999999999
1
1
1
0,9999999999999999
1
1
1
1
0,9999999999999999
1
0,9999999999999999
1
1
1
1
1
1
1
0,9999999999999999
1
1
1
1
0,9999999999999998
0,9999999999999999
0,9999999999999999
1
0,9999999999999999
0,9999999999999999
0,9999999999999998
1
1
1
1
1
1
1
1
1
1
1
0,9999999999999998
1
1
1
1
0,9999999999999998
1
1
1
0,9999999999999999
1
1
1
1
1
1
0,9999999999999998
1
1
1
1
0,9999999999999999
1
0,9999999999999999
1
1
1
1
1
1
1
0,9999999999999998
1
1
1
1
1
1
0,9999999999999999
1
1
0,9999999999999999
1
1
1
1
1
1
1
1
1
1
1
1
1
0,9999999999999998
1
1
1
1
1
1
1
0,9999999999993723
1
1
0,9999999999999999
1
1
1
0,9999999999999999
1
1
1
0,9999999999999998
1
0,9999999999999999
1
1
1
1
1
0,9999999999999999
1
0,9999999999999999
1
0,9999999999999999
0,9999999999999999
1
0,9999999999999999
1
1
0,9999999999999999
1
1
0,9999999999994478
1
1
1
0,9999999999999999
1
1
1
1
1
1
1
1
1
1
1
1
1
0,9999999999999999
0,9999999999999998
1
0,9999999999999998
1
1
1
0,9999999999999999
0,9999999999999999
1
1
1
0,9999999999984855
1
1
1
1
1
1
0,9999999999999999
1
1
1
1
0,9999999999999999
0,9999999999999999
1
1
1
1
1
0,9999999999999999
0,9999999999999998
1
1
1
1
1
1
1
0,9999999999999998
1
1
1
1
1
0,9999999999999999
0,9999999999999998
1
1
1
1
1
1
1
0,9999999999999997
1
1
1
0,9999999999999999
1
0,9999999999999998
1
0,9999999999999998
0,9999999999999998
1
1
1
1
1
1
0,9999999999999999
1
1
1
0,9999999999999998
1
0,9999999999999999
0,9999999999999999
1
1
1
1
1
1
0,9999999999999999
1
1
1
1
1
1
0,9999999999999998
0,9999999999999998
0,9999999999999999
1
1
1
1
0,9999999999999918
1
0,9999999999999962
1
1
1
1
1
0,9999999999988859
1
0,9999999999969659
1
0,9999999999974136
1
1
1
1
1
1
1
0,9999999999995689
1
0,9999999999991307
1
0,999999999998704
1
1
1
1
0,9999999999999999
1
1
0,9999999999997441
0,9999999999999999
1
1
1
1
1
1
0,9999999999999998
0,9999999999999999
1
1
1
1
0,9999999999999998
0,9999999999999999
0,9999999999999998
1
0,9999999999999998
1
1
1
1
1
1
1
0,9999999999999999
1
1
1
1
1
1
1
0,9999999999999999
1
0,9999999999999998
0,9999999999996434
1
0,999999999998871
1
1
1
1
1
1
0,9999999999999998
1
1
0,9999999999996332
1
1
1
1
1
1
1
1
1
0,9999999999997247
0,9999999999999999
1
0,9999999999999999
1
1
0,9999999999999855
1
1
1
1
1
1
1
1
1
1
1
1
1
1
1
1
1
1
0,9999999999999998
1
0,9999999999999999
1
1
1
0,9999999999999999
1
1
1
1
1
1
1
0,9999999999999999
1
0,9999999999999999
0,9999999999999999
1
1
0,9999999999999999
1
1
1
1
1
1
0,9999999999999999
1
1
0,9999999999998932
1
1
1
0,9999999999999998
1
1
0,9999999999999998
0,9999999999999998
1
1
0,9999999999999999
1
0,9999999999999999
1
1
1
1
1
1
1
1
1
0,9999999999999999
1
0,9999999999999998
1
0,9999999999999999
0,9999999999999999
0,9999999999999998
1
0,9999999999999998
0,9999999999999998
1
